referrer,views_total,views_unique
Google,82,17
miroapp.github.io,37,8
github.com,14,10
developers.miro.com,14,8
cursor.directory,4,4
Bing,4,2
DuckDuckGo,2,1
glama.ai,1,1
